
===0.1+0.1===
JODA	5.80	2.35	0.94	0.65	0.46	0.40	0.26	0.29	0.21	0.12
===0.1+0.2===
JODA	6.17	2.59	1.23	0.92	0.49	0.50	0.32	0.43	0.32	0.20
===0.1+0.3===
JODA	5.73	2.56	1.30	0.97	0.57	0.53	0.42	0.39	0.41	0.41
===0.1+0.4===
JODA	6.25	2.78	1.26	0.79	0.59	0.55	0.43	0.44	0.30	0.27
===0.1+0.5===
JODA	5.89	2.60	1.35	0.88	0.65	0.61	0.55	0.41	0.40	0.37
===0.1+0.6===
JODA	6.07	2.59	1.42	0.95	0.76	0.63	0.62	0.52	0.47	0.39
===0.1+0.7===
JODA	6.36	2.65	1.65	1.29	1.03	0.90	0.82	0.57	0.56	0.53
===0.1+0.8===
JODA	6.28	2.80	1.92	1.39	1.23	1.05	0.95	0.83	0.87	0.94
===0.2+0.1===
JODA	5.93	2.32	0.95	0.85	0.51	0.50	0.37	0.34	0.29	0.40
===0.2+0.2===
JODA	6.45	2.38	1.00	0.69	0.45	0.47	0.39	0.36	0.35	0.44
===0.2+0.3===
JODA	5.78	2.64	1.17	0.80	0.69	0.53	0.51	0.36	0.34	0.27
===0.2+0.4===
JODA	6.17	2.73	1.36	0.97	0.76	0.67	0.63	0.59	0.62	0.71
===0.2+0.5===
JODA	6.17	2.92	1.46	1.03	0.78	0.68	0.61	0.68	0.61	0.53
===0.2+0.6===
JODA	5.90	2.88	2.02	1.45	1.15	0.87	0.82	0.70	0.59	0.61
===0.2+0.7===
JODA	6.09	2.66	1.86	1.38	1.24	0.95	0.98	0.81	0.80	0.76
===0.3+0.1===
JODA	6.12	2.56	1.02	1.09	0.81	0.64	0.49	0.61	0.57	0.50
===0.3+0.2===
JODA	6.03	2.60	1.00	1.01	0.90	0.68	0.52	0.47	0.46	0.41
===0.3+0.3===
JODA	6.13	2.90	1.25	1.00	0.80	0.67	0.56	0.66	0.55	0.66
===0.3+0.4===
JODA	5.89	2.46	1.25	1.02	0.91	0.78	0.84	0.79	0.64	0.62
===0.3+0.5===
JODA	6.17	2.63	1.47	1.13	1.05	0.82	0.86	0.74	0.67	0.57
===0.3+0.6===
JODA	6.32	2.67	1.62	1.27	1.21	0.93	0.94	0.82	0.85	0.73
===0.4+0.1===
JODA	5.63	2.89	1.22	1.06	0.88	0.58	0.44	0.34	0.58	0.45
===0.4+0.2===
JODA	6.17	2.88	1.36	1.11	0.88	0.64	0.58	0.41	0.43	0.46
===0.4+0.3===
JODA	6.01	2.62	1.17	0.99	0.79	0.81	0.83	0.54	0.51	0.53
===0.4+0.4===
JODA	6.04	2.61	1.36	1.04	0.95	0.92	0.80	0.74	0.73	0.64
===0.4+0.5===
JODA	6.16	2.87	1.74	1.38	1.16	0.94	0.94	0.87	0.71	0.68
===0.5+0.1===
JODA	6.08	2.64	1.23	1.04	0.74	0.60	0.53	0.75	0.59	0.50
===0.5+0.2===
JODA	6.18	2.27	1.19	0.98	0.77	0.63	0.62	0.68	0.63	0.56
===0.5+0.3===
JODA	6.26	2.39	1.58	1.06	1.06	0.80	0.72	0.73	0.85	0.79
===0.5+0.4===
JODA	5.82	2.48	1.58	1.27	1.23	0.96	0.83	0.74	0.63	0.63
===0.6+0.1===
JODA	6.08	2.74	1.39	1.12	0.79	0.70	0.54	0.74	0.56	0.63
===0.6+0.2===
JODA	5.89	2.27	1.31	1.10	1.01	0.78	0.62	0.63	0.70	0.67
===0.6+0.3===
JODA	6.16	2.48	1.55	1.27	1.16	0.84	0.59	0.53	0.57	0.52
===0.7+0.1===
JODA	5.75	2.39	1.50	1.13	1.11	0.91	0.65	0.54	0.71	0.59
===0.7+0.2===
JODA	5.83	2.61	1.70	1.17	1.21	0.88	0.48	0.53	0.61	0.58
===0.8+0.1===
JODA	5.86	2.30	1.62	1.26	1.06	0.95	0.65	0.52	0.78	0.55
