# 20 runs
# Created with Random Explorer Benchmark Generator (version v0.0.1), seed 456 (MinSelectivity: 0.2, MaxSelectivity: 0.9, MaxChain: 3, MaxTries: 100, RandomBrowseProb: 0.3, GoBackProb: 0.2, Predicates: [Exists,BoolEquality,IsString,IntEquality,FloatComparison,StrPrefix,ObjectSize,ArraySize])


# Seconds

Dataset	10000	100000	1000000	10000000	50000000
JODA	0.74	1.09	4.91	81.26	330.87
JODA w/o import	0.11	0.44	2.92	35.29	176.71
JODA import	0.51	0.51	1.01	27.42	37.08
Mongo	3.24	11.65	94.57	1370.93	6958.88
Mongo w/o import	0.29	3.08	31.82	493.12	2507.29
PostgreSQL	2.31	4.79	29.57	414.33	2146.94
PostgreSQL w/o import	0.11	0.51	4.78	66.89	378.61
PostgreSQL import	0.24	2.32	22.00	343.70	1764.42
JQ	4.89	43.95	445.07	4488.66


Dataset	10000	100000	1000000	10000000	50000000
JODA	(10000,0.74)	(100000,1.09)	(1000000,4.91)	(10000000,81.26)	(50000000,330.87)
JODA w/o import	(10000,0.11)	(100000,0.44)	(1000000,2.92)	(10000000,35.29)	(50000000,176.71)
JODA import	(10000,0.51)	(100000,0.51)	(1000000,1.01)	(10000000,27.42)	(50000000,37.08)
Mongo	(10000,3.24)	(100000,11.65)	(1000000,94.57)	(10000000,1370.93)	(50000000,6958.88)
Mongo w/o import	(10000,0.29)	(100000,3.08)	(1000000,31.82)	(10000000,493.12)	(50000000,2507.29)
PostgreSQL	(10000,2.31)	(100000,4.79)	(1000000,29.57)	(10000000,414.33)	(50000000,2146.94)
PostgreSQL w/o import	(10000,0.11)	(100000,0.51)	(1000000,4.78)	(10000000,66.89)	(50000000,378.61)
PostgreSQL import	(10000,0.24)	(100000,2.32)	(1000000,22.00)	(10000000,343.70)	(50000000,1764.42)
JQ	(10000,4.89)	(100000,43.95)	(1000000,445.07)	(10000000,4488.66)


# New
System	10000	100000	1000000	10000000	50000000
JODA	1.30	1.74	5.74	35.59	199.87
JODA w/o import	0.23	0.37	2.43	10.07	53.26
Mongo	3.10	18.02	164.08	1518.47	7436.13
Mongo w/o import	0.50	4.35	42.04	416.93	2162.29
PostgreSQL	2.26	6.08	39.66	352.90	1817.29
PostgreSQL w/o import	0.21	1.04	8.38	71.60	341.97


System	10000	100000	1000000	10000000	50000000
JODA	(10000,1.30)	(100000,1.74)	(1000000,5.74)	(10000000,35.59)	(50000000,199.87)
JODA w/o import	(10000,0.23)	(100000,0.37)	(1000000,2.43)	(10000000,10.07)	(50000000,53.26)
Mongo	(10000,3.10)	(100000,18.02)	(1000000,164.08)	(10000000,1518.47)	(50000000,7436.13)
Mongo w/o import	(10000,0.50)	(100000,4.35)	(1000000,42.04)	(10000000,416.93)	(50000000,2162.29)
PostgreSQL	(10000,2.26)	(100000,6.08)	(1000000,39.66)	(10000000,352.90)	(50000000,1817.29)
PostgreSQL w/o import	(10000,0.21)	(100000,1.04)	(1000000,8.38)	(10000000,71.60)	(50000000,341.97)