===Seconds===

Threads	4	8	12	16	20	24	28	32	36	40	44	48	52	56	60
JODA	271.94	141.67	135.30	119.95	115.10	108.80	108.12	109.27	115.51	103.22	94.86	96.52	94.32	94.46	92.12
JODA w/o import	143.72	66.50	65.23	62.74	55.52	47.15	52.03	49.89	44.80	44.38	35.05	33.81	31.60	32.46	31.64
JODA import	111.03	59.03	49.68	37.90	38.71	40.22	35.21	37.71	47.54	37.05	38.24	37.08	38.75	39.04	38.40
Mongo	3625.53	3178.19	3540.15	3856.41	4003.87	4067.11	4305.73	4232.20	4320.33	4406.63	4450.33	4380.85	4435.37	4373.39	4325.06
Mongo w/o import	1167.16	1142.25	1170.09	1159.50	1141.34	1106.82	1138.02	1077.82	1097.48	1081.84	1101.52	1079.73	1099.34	1112.52	1080.01
PostgreSQL	8055.13	8046.27	8531.88	8038.03	8161.78	8560.60	8225.50	8271.63	8587.18	8658.40	8522.01	8582.87	8482.31	8501.62	8539.13
PostgreSQL w/o import	3290.08	3295.52	3204.24	3177.30	3222.67	3132.18	3116.79	3115.34	3145.50	3148.64	3120.89	3105.60	3133.44	3118.29	3128.50
PostgreSQL import	4763.50	4749.07	5325.97	4859.09	4937.40	5426.70	5106.98	5154.55	5439.90	5508.01	5399.38	5475.53	5347.15	5381.58	5408.88
JQ	20086.10	20039.20	19286.55	19826.65	19767.25	19069.00	19408.25	19128.25	19518.45	19177.80	19247.00	19006.95	19168.70	19315.95	19003.55


===Minutes===
Threads	4	8	12	16	20	24	28	32	36	40	44	48	52	56	60
JODA	(4,4.532333)	(8,2.361167)	(12,2.255)	(16,1.999167)	(20,1.918333)	(24,1.813333)	(28,1.802)	(32,1.821167)	(36,1.925167)	(40,1.720333)	(44,1.581)	(48,1.608667)	(52,1.572)	(56,1.574333)	(60,1.535333)	
JODA w/o import	(4,2.395333)	(8,1.108333)	(12,1.087167)	(16,1.045667)	(20,0.925333)	(24,0.785833)	(28,0.867167)	(32,0.8315)	(36,0.746667)	(40,0.739667)	(44,0.584167)	(48,0.5635)	(52,0.526667)	(56,0.541)	(60,0.527333)	
JODA import	(4,1.8505)	(8,0.983833)	(12,0.828)	(16,0.631667)	(20,0.645167)	(24,0.670333)	(28,0.586833)	(32,0.6285)	(36,0.792333)	(40,0.6175)	(44,0.637333)	(48,0.618)	(52,0.645833)	(56,0.650667)	(60,0.64)	
Mongo	(4,60.4255)	(8,52.969833)	(12,59.0025)	(16,64.2735)	(20,66.731167)	(24,67.785167)	(28,71.762167)	(32,70.536667)	(36,72.0055)	(40,73.443833)	(44,74.172167)	(48,73.014167)	(52,73.922833)	(56,72.889833)	(60,72.084333)	
Mongo w/o import	(4,19.452667)	(8,19.0375)	(12,19.5015)	(16,19.325)	(20,19.022333)	(24,18.447)	(28,18.967)	(32,17.963667)	(36,18.291333)	(40,18.030667)	(44,18.358667)	(48,17.9955)	(52,18.322333)	(56,18.542)	(60,18.000167)	
PostgreSQL	(4,134.252167)	(8,134.1045)	(12,142.198)	(16,133.967167)	(20,136.029667)	(24,142.676667)	(28,137.091667)	(32,137.8605)	(36,143.119667)	(40,144.306667)	(44,142.0335)	(48,143.047833)	(52,141.371833)	(56,141.693667)	(60,142.318833)	
PostgreSQL w/o import	(4,54.834667)	(8,54.925333)	(12,53.404)	(16,52.955)	(20,53.711167)	(24,52.203)	(28,51.9465)	(32,51.922333)	(36,52.425)	(40,52.477333)	(44,52.014833)	(48,51.76)	(52,52.224)	(56,51.9715)	(60,52.141667)	
PostgreSQL import	(4,79.391667)	(8,79.151167)	(12,88.766167)	(16,80.984833)	(20,82.29)	(24,90.445)	(28,85.116333)	(32,85.909167)	(36,90.665)	(40,91.800167)	(44,89.989667)	(48,91.258833)	(52,89.119167)	(56,89.693)	(60,90.148)	
JQ	(4,334.768333)	(8,333.986667)	(12,321.4425)	(16,330.444167)	(20,329.454167)	(24,317.816667)	(28,323.470833)	(32,318.804167)	(36,325.3075)	(40,319.63)	(44,320.783333)	(48,316.7825)	(52,319.478333)	(56,321.9325)	(60,316.725833)	
