============= Average ==========
===novice===
JODA	5.49	3.67	3.90	3.84	3.59	2.94	2.94	2.99	3.18	4.03	3.61	2.74	3.59	2.60	1.52	2.42	2.19	2.63	2.07	2.70
===intermediate===
JODA	5.70	5.40	4.22	3.24	2.92	1.55	2.33	1.75	1.25	0.89	1.95	2.04	1.59	1.02	0.82	0.56	1.33	0.75	0.52	0.47
===expert===
JODA	5.48	5.34	2.80	2.56	1.16	1.18	0.53	1.01	0.70	0.40	0.23	0.16	0.18	0.17	0.12	0.24	0.10	0.12	0.12	0.19




============= Median ==========
===novice===
JODA	5.09	2.85	2.32	2.77	2.11	2.24	1.79	1.82	1.87	2.95	2.09	1.97	2.66	0.89	0.73	1.06	1.13	1.17	1.12	1.20
===intermediate===
JODA	5.79	3.90	2.42	1.80	2.40	0.42	0.82	0.38	0.38	0.29	0.29	0.27	0.31	0.29	0.21	0.12	0.13	0.16	0.13	0.14
===expert===
JODA	5.34	4.92	1.18	0.85	0.47	0.52	0.19	0.16	0.12	0.14	0.09	0.10	0.09	0.09	0.09	0.09	0.09	0.09	0.09	0.07
